4294967294,0
4294967294,185
4294967294,182
4294967294,199
4294967294,437
4294967294,163
4294967294,190
4294967294,200
4294967279,135
4294967279,272
4294967279,271
4294967294,12
4294967294,471
4294967294,425
4294967294,22
4294967294,17
4294967294,99
4294967294,41
4294967294,170
4294967294,169
4294967294,183
4294967294,173
4294967279,266
4294967294,50
4294967294,470
4294967294,43
4294967294,51
4294967294,180
4294967294,175
4294967294,176
4294967294,27
4294967294,93
4294967294,95
4294967279,315
4294967294,126
4294967294,20
4294967294,13
4294967294,104
4294967294,24
4294967294,25
4294967294,168
4294967294,26
4294967294,162
4294967294,1417
4294967279,314
4294967278,310
4294967278,125
4294967278,124
4294967278,123
4294967278,122
4294967278,121
4294967278,120
4294967278,119
4294967278,245
4294967278,118
4294967278,243
4294967278,117
4294967278,116
4294967278,239
4294967278,115
4294967278,114
4294967278,113
4294967278,112
4294967278,111
4294967278,231
4294967278,110
4294967278,229
4294967278,109
4294967278,227
4294967278,108
4294967278,107
4294967278,106
4294967278,105
4294967278,104
4294967278,103
4294967278,102
4294967278,101
4294967278,100
4294967278,99
4294967278,98
4294967278,97
4294967278,96
4294967278,95
4294967278,94
4294967278,93
4294967278,92
4294967278,91
4294967278,90
4294967278,89
4294967278,87
4294967278,86
4294967278,85
4294967278,84
4294967278,83
4294967278,82
4294967278,81
4294967278,80
4294967278,79
4294967278,78
4294967278,77
4294967278,76
4294967278,75
4294967278,74
4294967278,73
4294967278,72
4294967278,71
4294967278,70
4294967278,69
4294967278,68
4294967278,67
4294967278,66
4294967278,65
4294967278,64
4294967278,63
4294967278,62
4294967278,61
4294967278,60
4294967278,59
4294967278,58
4294967278,57
4294967278,56
4294967278,55
4294967278,54
4294967278,53
4294967278,52
4294967278,51
4294967278,50
4294967278,49
4294967278,48
4294967278,47
4294967278,46
4294967278,45
4294967278,44
4294967278,43
4294967278,42
4294967278,41
4294967278,40
4294967278,39
4294967278,38
4294967278,37
4294967279,23
4294967279,22
4294967279,20
4294967279,17
4294967279,268
4294967279,12
4294967279,10
4294967279,9
4294967279,285
4294967279,8
4294967279,6
4294967279,5
4294967279,4
4294967278,309
4294967294,7
4294967279,313
4294967279,7
0,5
4294967294,30
4294967294,61
4294967294,11
4294967279,284
4294967279,259
4294967278,308
4294967294,46
4294967278,307
4294967278,132
4294967278,306
4294967278,131
4294967279,312
4294967278,305
4294967278,130
4294967279,311
4294967278,304
4294967278,129
4294967279,310
4294967278,303
4294967278,128
4294967279,309
4294967278,302
4294967278,127
4294967279,308
4294967278,301
4294967278,260
4294967278,126
4294967279,307
4294967279,260
4294967279,0
4294967294,6
4294967294,81
4294967294,203
4294967294,82
4294967294,1418
4294967294,68
4294967294,67
4294967279,306
25,4
25,3
25,2
25,1
24,8
24,7
4294967294,1425
4294967294,1424
24,6
24,5
24,4
24,3
24,2
24,1
4294967294,480
23,4
23,3
23,2
23,1
4294967279,305
22,4
22,2
22,1
4294967279,304
21,7
21,6
21,5
21,4
21,3
21,2
21,1
4294967278,300
4294967294,479
20,5
20,4
20,3
20,2
20,1
4294967279,303
4294967278,299
4294967279,302
19,4
19,3
19,2
19,1
4294967279,301
4294967294,478
4294967278,298
4294967279,300
18,5
18,4
18,3
18,2
18,1
4294967278,297
4294967279,299
4294967278,296
17,4
17,3
17,2
17,1
4294967278,295
16,4
16,3
16,2
16,1
4294967278,294
4294967294,477
15,4
15,3
15,2
15,1
4294967278,293
4294967279,298
4294967278,292
14,4
14,3
14,2
14,1
4294967278,291
4294967279,297
4294967278,290
13,5
13,4
13,3
13,2
13,1
4294967279,296
12,5
12,4
12,3
12,2
12,1
4294967278,289
4294967279,295
4294967278,288
11,5
11,4
11,3
11,2
11,1
4294967279,294
4294967294,1423
4294967294,1018
10,5
10,4
10,3
10,2
10,1
4294967278,287
4294967279,293
9,4
9,3
9,2
9,1
4294967279,292
4294967294,476
4294967294,206
8,5
8,4
8,3
8,2
8,1
4294967294,475
7,5
7,4
7,3
7,2
7,1
4294967279,291
4294967294,474
4294967294,473
6,5
6,4
6,3
6,2
6,1
5,5
5,4
4294967279,290
5,3
5,2
5,1
4294967279,283
4294967279,282
4,5
4,4
4,3
